@type torperf 1.0
BUILDTIMES=0.872834920883,1.09103679657,1.49180984497 CIRC_ID=1228 CONNECT=1441065601.86 DATACOMPLETE=1441065603.39 DATAPERC10=1441065602.98 DATAPERC20=1441065603.03 DATAPERC30=1441065603.09 DATAPERC40=1441065603.12 DATAPERC50=1441065603.23 DATAPERC60=1441065603.25 DATAPERC70=1441065603.31 DATAPERC80=1441065603.37 DATAPERC90=1441065603.37 DATAREQUEST=1441065602.38 DATARESPONSE=1441065602.84 DIDTIMEOUT=0 FILESIZE=51200 LAUNCH=1441065361.30 NEGOTIATE=1441065601.86 PATH=$C4C9C332D25B3546BEF4E1250CF410E97EF996E6,$C43FA6474A9F071E9120DF63ED6EB8FDBA105234,$7C0AA4E3B73E407E9F5FEB1912F8BE26D8AA124D QUANTILE=0.800000 READBYTES=51416 REQUEST=1441065601.86 RESPONSE=1441065602.38 SOCKET=1441065601.86 SOURCE=moria START=1441065601.86 TIMEOUT=1500 USED_AT=1441065603.40 USED_BY=2475 WRITEBYTES=75
BUILDTIMES=0.737092971802,0.875593900681,1.01870393753 CIRC_ID=1229 CONNECT=1441065901.71 DATACOMPLETE=1441065902.60 DATAPERC10=1441065902.31 DATAPERC20=1441065902.39 DATAPERC30=1441065902.39 DATAPERC40=1441065902.39 DATAPERC50=1441065902.48 DATAPERC60=1441065902.50 DATAPERC70=1441065902.50 DATAPERC80=1441065902.50 DATAPERC90=1441065902.50 DATAREQUEST=1441065902.02 DATARESPONSE=1441065902.27 DIDTIMEOUT=0 FILESIZE=51200 LAUNCH=1441065661.40 NEGOTIATE=1441065901.71 PATH=$B17AD1C4D985D70D948379D20772D60D4BA8D362,$7489E8EDD0B8B68C8A2CB31D2B56B6572091DA7F,$527ED954F9E7800AB00BCE366542CB074B42DD2A QUANTILE=0.800000 READBYTES=51416 REQUEST=1441065901.71 RESPONSE=1441065902.02 SOCKET=1441065901.71 SOURCE=moria START=1441065901.71 TIMEOUT=1500 USED_AT=1441065902.60 USED_BY=2477 WRITEBYTES=75
BUILDTIMES=0.490485906601,0.582235813141,0.737023830414 CIRC_ID=1230 CONNECT=1441066201.62 DATACOMPLETE=1441066202.41 DATAPERC10=1441066202.07 DATAPERC20=1441066202.11 DATAPERC30=1441066202.14 DATAPERC40=1441066202.14 DATAPERC50=1441066202.15 DATAPERC60=1441066202.24 DATAPERC70=1441066202.24 DATAPERC80=1441066202.33 DATAPERC90=1441066202.37 DATAREQUEST=1441066201.84 DATARESPONSE=1441066202.03 DIDTIMEOUT=0 FILESIZE=51200 LAUNCH=1441065961.49 NEGOTIATE=1441066201.62 PATH=$D64E40FDFB6647A48A6BBF5D67A4FD7F8F7D274C,$D0EDB47BEAD32D26D0A837F7D5357EC3AD3B8777,$707C1B61AC72227B34487B56D04BAA3BA1179CE8 QUANTILE=0.800000 READBYTES=51416 REQUEST=1441066201.62 RESPONSE=1441066201.84 SOCKET=1441066201.62 SOURCE=moria START=1441066201.62 TIMEOUT=1500 USED_AT=1441066202.42 USED_BY=2479 WRITEBYTES=75
